hgt                      Dataset {28}
    Data:
        (0) 75, 76, 77, 78, 79, 80, 81, 82, 83, 84, 85, 86, 87, 88, 89, 90, 91, 92, 93, 94, 95, 96, 97, 98, 99, 100, 101, 102
meridional               Dataset {28}
    Data:
        (0) -426.289286368542, -305.282367124526, 49.7586106929155, 552.906975983777, 354.108575886507, 242.588854978866, 241.171548759644, 168.455031382353, 134.140188682698, 117.105771358248, 103.449900282044, 50.0421986521889, 27.995322300398, 3.93231227976486,
        (14) -4.34250807859743, -12.9183408950042, -27.420796421891, -34.241605876596, -29.6665982244671, 11.8907354366934, 4.77030168964116, 9.70879172678919, 10.6641730432708, 18.5639314118353, 31.0100156703797, 43.9873124852384, 56.0759670186193, 64.9017235309318
meridional_std           Dataset {28}
    Data:
        (0) 73.1633490196225, 68.9330778337456, 83.6944363964526, 130.659148601186, 91.4697083208186, 79.5904450290545, 47.7107809779393, 30.9587623644426, 22.5230032431406, 18.8987402403754, 11.759797065764, 19.0519152590598, 21.517431583191, 19.6300609385382,
        (14) 19.6567404978033, 19.8055901611993, 18.4194813064036, 17.2603337120123, 12.4727534413554, 14.1217984437552, 13.3086631519587, 10.713053256129, 10.2042734820054, 6.55614022321275, 5.65519043704161, 3.76630967289123, 3.65235003774611, 4.15519699440462
zonal                    Dataset {28}
    Data:
        (0) -189.288658586354, -132.67884363451, 40.0356608269059, 303.081530064442, 174.620691558836, 97.5122298307865, 100.901717170685, 68.912129792256, 58.2608669818494, 62.7162370549099, 70.6973953988884, 53.3452667537095, 54.4541786779506, 53.3452678232887,
        (14) 52.8780763855261, 45.8892951393308, 26.6270018911203, 10.9376647575426, -11.7487590183003, -28.5280870393559, -40.6996858733021, -54.3084211290604, -58.7727321885359, -49.0603329009014, -33.0317512958089, -10.6427694830277, 6.73817646557173, 16.4326873096414
zonal_std                Dataset {28}
    Data:
        (0) 34.8862505797128, 34.2684323176267, 43.6380705120946, 71.0270075294112, 53.2584134872405, 47.9552837080909, 29.2742794846595, 20.1552076249225, 15.629721280978, 14.2291438631231, 9.0064852367098, 14.7753230912679, 16.8773966754764, 15.5616210435805,
        (14) 15.3128321407482, 14.708921969104, 12.1286566676389, 9.52328452025425, 6.22344973098877, 7.49357828743437, 7.57204408351419, 9.05748115168107, 10.8420785850817, 8.644259434925, 8.06576034315203, 5.97769671657966, 5.51654934568717, 6.60975744610241
